	2.024407966987876506e+01      4.904645925401602269e-01
	5.606217744490272992e+00      2.750273565092231642e-01
	1.511897455738260732e+01      6.822049527061482266e-01
	1.531038759989888121e+01      5.806379773357465135e-01
	4.291272966342646100e+00      6.225262015598470589e-01
	-2.572423686675039178e+01      8.125638777740580299e-01
	-2.714083941844115699e+01      6.782996905109475172e-01
	8.881896170002796964e+00       4.034441671092442450e-02
	-2.544955160158749408e+01      4.945557163820321622e-01
	2.027757573922735190e+01      9.006644834715653580e-01
	-6.651096304135638348e+00      7.418953888032200350e-01
	-1.063210312860093865e+01      6.473799723842917908e-01
	2.024056674088595287e+01      3.542288570200852194e-01
	1.550417489579602659e+01      2.372006653334645110e-01
	1.424887291903422692e+01      8.360687267612691986e-01
	2.781527965805533853e+01      4.018757986430261941e-01
	-2.602632423605781398e+01      1.105182170688489673e+00
	-1.167670479502643133e+00      2.547189744975417725e-01
	1.450615329065065851e-01      2.537368829649966351e-01
	3.001019919000228242e+00      1.241029598204537177e-01
	2.667004028228708989e+01      4.808683900868505612e-01
	-1.154868210899853054e+01      5.274902617923158399e-01
	-1.240538070610095644e+01      4.265738227181933850e-01
	-2.503823232726525205e+01      5.016487935619999838e-01
	9.852956151579377320e-01      4.471035104866079024e-01
	-7.636387022256855062e+00      4.178019999595412037e-01
	2.637164019786741420e+01      6.026862679293932823e-01
	2.655659727272932003e+01      8.371367250552941286e-01
	2.508718897888145705e+01      5.368650860450416840e-01
	-2.813204750490076478e+01      1.757625482366780845e-01
	-2.870507399711495822e+01      6.545485811849943714e-01
	1.642743186845825676e+01      1.294182091712597904e-02
	8.997011559209667553e+00      3.203835493076817031e-01
	-2.420619747667166877e+01      3.013345475958968955e-01
	-1.707316467359836309e+01      6.650275848598767858e-01
	-1.898264345676662401e+01      4.000561479470752246e-01
	-2.266259552684454803e+01      5.956370600635874091e-01
	-1.275876287909608919e+01      4.031930814699911103e-01
	1.375742781537485371e+01      4.983863345109231791e-01
	1.370213648370866366e+01      2.723937305897192740e-01
	-2.900630452417130911e+01      5.266833461276654305e-01
	1.947790269824556475e+01      4.257538448609533566e-01
	8.298903866533834162e+00      5.398103226881869610e-01
	-2.170328448087964190e+01      7.356424728173968086e-01
	2.968983841258999945e+01      5.639523784177284949e-01
	-6.964401599151027966e+00      3.161087594848497329e-01
	2.104893250704127894e+01      6.691510989072574356e-02
	-1.271616102210119692e+01      2.382851885504583822e-01
	-1.035967464606235211e+01      1.125892330794725726e+00
	-7.217584818724272822e+00      1.480435325371689537e-01
	1.168066089477450475e+01      4.186720148827264842e-01
	-2.290586552246933039e+01      2.983387089757184585e-01
	-1.277348131180697521e+01      1.869191758846104889e-01
	3.139030259443423176e+00      6.228745894007925443e-01
	-2.780906219315050265e+01      6.384131804076558225e-01
	1.267311642011140549e+01      1.392209821875194931e-01
	-1.449645950880448275e+01      2.122940971777755315e-01
	2.208512533452612558e+01      4.843470233900433741e-01
	2.728587253742999508e+01      7.129229166313315602e-01
	1.230259200912119866e+01      2.443447918127699126e-01
	-2.189915220710446420e+01      1.416278554058821304e-01
	1.347803190359186942e-02      -4.698152664640539156e-01
	1.732182171555619021e+01      4.187488463480098511e-01
	-2.698832992652976159e+01      1.699567886244891524e-01
	7.427417443891748405e-01      4.273001146420050134e-01
	-4.812578304122659745e+00      6.554555946827396173e-01
	-1.832751460073570371e+01      2.030940247287247313e-01
	-2.538911289314414788e+01      3.430106766085880832e-01
	-1.855634530668813653e+01      3.765122661463846665e-01
	1.305136211722317086e+01      2.825357857574968268e-01
	-2.290339580933817487e+01      3.038815500597340513e-01
	1.271368520180557482e+01      9.087436187669117871e-01
	1.890880307408600203e+01      3.293376513331950917e-01
	8.533477340667232625e+00      4.858542468196204722e-01
	-2.719154232283256434e+01      3.538833362861122933e-01
	1.082963888198575830e+01      3.097908663860902134e-01
	-1.915308448117446005e+01      4.890549052121889728e-01
	1.000413388304565387e+01      5.373435564457151870e-01
	-3.248604292769453394e+00      4.842610103678532396e-01
	-2.945610022160156305e+01      4.703124939254224590e-01
	2.812810281013057079e+01      6.844915180270310096e-01
	-1.342873196192623197e+01      7.136488997253639388e-01
	2.613597824644597267e+01      3.790436785211722115e-01
	-1.087004222141396781e+01      3.490792233789800081e-01
	1.645956489310330539e+01      6.218389946610431984e-01
	1.142775663072010417e+01      7.902352823247604796e-01
	-1.361249441155788631e+01      7.846294549551462438e-01
	1.016680178890798203e+01      6.268739217491152704e-01
	7.722460486660011725e+00      5.114566617482227961e-01
	5.210391041110980836e+00      -1.417767895267138534e-01
	2.937558654793708968e+01      1.756719097300227794e-01
	-1.623923011512013659e+01      6.686255943758543374e-01
	-1.890231191036903624e+01      5.170819113721096816e-01
	-1.679704254969576738e+01      5.025728739145398638e-01
	3.778653271119196688e+00      4.091932428128844390e-01
	2.250887862630054315e+01      3.107831214310579626e-01
	-2.004390243959685591e+01      5.073074872805500846e-01
	1.032104663412744827e+01      7.100904285919547032e-01
	2.647680754439925721e+01      2.479578166870031741e-01
	1.796338411940829616e+01      6.502472455950801811e-01
	-2.623054945486177658e+01      8.620242163689949555e-01
	1.507539582672998790e+01      6.755940072336554802e-01
	-7.591223668752295595e+00      3.357229021926250168e-01
	1.589963793546087345e+01      5.341082125193085117e-01
	2.762371167840506558e+01      8.552309547565744019e-01
	2.763882691784109369e+01      4.976419063489736505e-01
	-2.279602030193438722e+01      4.583889340552220748e-01
	-1.171761070633664303e+01      4.443761066659129289e-01
	2.241242168308589555e+01      2.534103669030319805e-01
	5.648710201926469665e+00      2.713149571778266100e-01
	-1.485114888534699418e+01      4.093780158677640668e-01
	-1.016901742144084153e+01      5.313214223677773518e-01
	2.143436349043969358e+01      6.515900254467591468e-01
	5.546528193313164934e+00      7.895164452478995454e-01
	1.201630345211331985e+01      5.091615878932091999e-01
	-2.614695668483131996e+01      4.366709563219919321e-01
	1.769240054661919714e+01      5.187231140920051109e-01
	-1.063654957564065739e+01      2.609937762407119610e-01
	1.011013474219151220e+01      2.898448428796488452e-01
	-2.263756512197588222e+01      4.571081804169604412e-01
	-2.715077428506993584e+01      7.579324876901694097e-01
	1.792564058687919015e+00      5.232822148110256588e-01
	-2.596388272975940481e+01      4.377549968117867563e-01
	2.223910922209763186e+01      1.609890151180241036e-01
	-1.824535257758238771e+01      4.489571694551180436e-01
	2.890443964336391502e+01      3.979875254999082346e-01
	-2.062335187811402903e+01      4.002211665882399183e-01
	1.004152236824293709e+01      5.177236831980368548e-01
	-1.914573023143682917e+01      5.803659462479310305e-01
	1.743527376396507833e+01      5.441046501714549288e-01
	2.104629466396554704e+01      6.963757818796474375e-01
	1.655508276955806934e+01      2.918835307456719708e-01
	-2.526270491335824175e+01      8.396735073050124454e-01
	-1.286310908600701097e+01      3.713606119591202903e-01
	6.662929618421671307e+00      4.471566755300045992e-01
	-2.219725895046101272e+01      5.046770561660537391e-01
	1.154198734090879697e+01      3.926779496410789938e-01
	-7.022322307402113495e+00      5.278617678338614061e-01
	-1.616322142702937015e+01      5.532640103848989188e-01
	7.169025757319218428e-01      -1.220558113281113299e-01
	2.400464917762596428e+01      8.164124425542527153e-01
	8.775490324752205140e+00      1.859996784596167907e-01
	1.438443783075759796e+01      5.686303140143139645e-01
	2.243830630242437962e+01      3.076744610087481235e-01
	-1.005385275795865851e+01      5.055519056875051875e-01
	7.918081629835491242e+00      4.321432103780603606e-01
	-2.453757208269475143e+01      5.455754732778120841e-01
	-4.938249268072141263e-01      9.125098434784499890e-01
	6.316573392470509418e+00      5.413731916656017162e-01
	-2.016787486729649714e+01      3.613278245958463364e-01
	2.359674403229473683e+01      3.306351810503135313e-01
	1.019724301140757206e+01      6.253501570158966905e-01
	-2.614243148458599819e+01      1.236011532885828434e-01
	-8.570232183719440400e+00      2.347128780256925729e-01
	1.775027717955669715e+00      4.113513003771614995e-01
	2.868411261416351721e+01      2.629301467511304113e-01
	-1.345083941017328755e+01      3.525760170907784596e-01
	-1.943210016251519789e-01      8.520462019499163153e-01
	-1.308645636354325958e+01      5.962677336865669364e-01
	-1.302585345802498296e+01      9.757759272228661018e-01
	2.710743461690310596e+01      5.419818908483353681e-01
	-8.544755514744149849e+00      3.960693616671959183e-01
	-7.288522096589669985e+00      3.489879406053851829e-01
	1.116450567167968444e+01      5.122958698749754403e-01
	-1.472860540733210222e+01      6.024820570629947358e-01
	-2.048204672747237964e+01      6.526102805995956935e-01
	-1.799608425101449427e+01      4.792632281084645562e-01
	4.516065993041770810e+00      4.445356064907384774e-01
	1.232409882035567961e+01      5.324850794646687202e-01
	-5.198046302690237042e+00      2.954082590927096241e-01
	1.512550774262452080e+01      5.975200633445267862e-01
	-2.577743781803390632e+01      4.943333503173133470e-01
	3.601850225517551962e+00      3.508899965234975049e-01
	-2.095842187405434487e+01      4.797758461513125794e-01
	9.482224104459291425e-01      3.442865555305322234e-01
	-8.628791856813094796e+00      5.309800321301235693e-01
	3.677227953976817787e+00      4.114987215525436337e-01
	-9.788658528006006776e+00      4.324080437974330282e-01
	1.636604765477589041e+01      4.917338645726498925e-01
	4.940039707068258679e+00      5.647921009217101718e-01
	9.625210068219502091e+00      6.639499739793535138e-01
	5.904149521477968676e+00      1.042273885675624179e+00
	2.935412285749788452e+01      3.142141139566499430e-01
	-2.346179426415523395e+01      3.690032308760449742e-01
	2.210090803485872613e+01      -2.623625539492180359e-02
	-4.191922528934174608e+00      4.899504174371829279e-01
	1.613691790304405771e+01      2.975114958890965333e-01
	2.948040461235104459e+01      4.526867432863428964e-01
	6.722910256588363609e-01      3.223875057350994999e-01
	2.840780004720943452e+01      5.297043463174905265e-01
	1.841724949699725755e+01      4.602448636050519570e-01
	-3.394988323983351819e+00      4.481993010116442910e-01
	1.712671905765198233e+00      3.475999610595046918e-01
	2.223058861474243031e+00      7.193276493780772496e-01
	-9.327710879200658667e+00      1.661410293884913458e-01
	-2.676282940685485912e+01      3.496564699564465029e-01
	1.853522149101291205e+01      6.027128344878271982e-01
	-1.402678048843720759e+01      7.230191448351890315e-01
	-1.733423947432001455e+00      6.912646250188210217e-01
	2.543781356850336550e+01      5.762436248032938302e-01
	8.220083052116564204e+00      7.035999524478692146e-01
	-7.216240275608306831e+00      3.217130599655644296e-01
	-1.944164635554287202e+00      6.357465663060398731e-01
	-1.404748095990973766e+01      2.779877663858569825e-01
	2.421962519499778210e+01      5.492525875292244564e-01
	1.526193465052822518e+01      1.281637045689948406e-01
	-2.129057407402976665e+01      2.856897424642038663e-01
	2.639927664909109239e+00      4.731037588138245487e-01
	-1.440924713113706623e+01      5.412315502803469736e-01
	-9.008732475264693562e-01      7.650700635671892069e-01
	-2.271405534936288362e+01      7.856157352305860320e-01
	-1.725952547596840247e+01      8.167103697837276854e-01
	-1.101812044936754020e+01      4.394542674645587899e-01
	-2.311764022834826093e+01      7.456896655137896790e-01
	2.020321425595498965e+01      4.225342529542651659e-01
	-8.786780800480840981e+00      5.627564654326241422e-01
	-7.712398888207733449e+00      6.015873599391802218e-01
	-1.828417536163736301e+01      7.352490701752025792e-01
	2.596361833391929963e+01      7.415677840565045864e-01
	-7.538328744284221727e-01      6.653986263318477645e-01
	1.239694381538363643e+01      8.329779157093726294e-01
	4.937643207941476931e+00      7.401922709661649113e-01
	-2.072529889358010990e+01      6.134585018220040098e-01
	1.348998099503130987e+01      6.201722819521749974e-01
	-2.032284394869653354e+01      4.726011193413615641e-01
	-2.136474637691511091e+01      4.473516403771720662e-01
	-2.904947847998552390e+01      4.350840603939743478e-01
	-8.940110024047246640e+00      5.704977223219842575e-01
	-2.034191912935001412e+01      4.460792159764144227e-01
	5.438151990070501540e+00      4.336562674188269573e-01
	1.694244013099316959e+01      5.229978776523029893e-01
	-2.772545920794627961e+01      5.571753649578811141e-01
	2.227961928278676851e+01      5.448425553256293075e-01
	9.959634302321482835e+00      3.737483080470008767e-01
	9.297686316338072743e+00      7.316704070490764877e-01
	2.489179409017091871e+01      4.003562368863963217e-01
	1.364688771286374447e+01      4.426669140594893248e-01
	6.305694036434026373e+00      8.776789316440525290e-01
	-1.038878551920788951e+01      3.786355195767011628e-01
	1.055654791775550194e+01      3.478527776465221155e-01
	1.244833485899839332e+01      2.385295891935119705e-01
	-1.767174364475624770e+01      6.209722209058626818e-01
	6.906393518263641340e+00      3.276582591988967397e-01
	-1.645113443750290116e-03      -2.133919217717979711e-01
	-1.522817368113086545e+01      4.427237775580520895e-01
	-2.556843100468875463e+01      4.528629259308758481e-01
	-3.152995554255682009e-01      9.583409480297309102e-01
	-1.213056819783820828e+01      5.909087178092485848e-01
	1.226285553404278517e+01      5.434027813472989132e-01
	2.949710767409259660e+01      6.101151046132962108e-01
	1.629333630673095001e+01      6.338297026249595234e-01
	-1.734175848642004070e+01      3.015197167514785392e-01
	-3.840818631789268522e+00      5.707795922729940186e-01
	-1.902130484056741011e+01      4.547478135813394773e-01
	2.332791823290440902e+01      5.382970216662164020e-01
	-5.232243625464285230e+00      3.943264829407204797e-01
	2.173771075294190780e+00      1.859753936939787522e-01
	-4.034506838413342678e+00      6.525990698007121393e-01
	2.444506513942690162e+01      8.719433786187040791e-01
	-1.382158780373810814e+01      3.104606798331082107e-01
	6.590138393505370118e+00      3.671319088809382181e-01
	2.308891044327702247e+01      5.125808779611992216e-01
	1.929406350672505255e+01      7.137252026592664222e-01
	1.913508353162215769e+01      5.134305453482428394e-01
	5.686608036550573786e+00      3.104004306608812436e-01
	-3.279422900124338014e+00      7.679082787412045974e-01
	4.699189038611550018e+00      6.584986017206329034e-01
	-9.588391494227572309e+00      4.170221884178615945e-01
	-1.153639965642702947e+01      7.174504615805773478e-01
	2.036301356288234388e+00      3.774693985170287647e-01
	8.205709525010028926e+00      8.478289380749398640e-02
	2.087293750319474128e+01      7.488405594410321164e-01
	1.855034557384713167e+01      1.701085361846463306e-01
	5.527680446602047937e+00      2.427564564256990687e-01
	1.623985435213141670e+01      7.321207006962073827e-01
	-2.390926931380118958e+01      4.296770036410967331e-01
	1.223815735721632336e+01      3.813757897483225912e-01
	1.373578599188439142e+01      2.264686824876698812e-01
	-5.233154513789926909e+00      3.204281150426271374e-01
	-6.209919603783330189e+00      4.843529016678965737e-01
	-2.182377379499612147e+01      7.863277964057238112e-01
	-1.154365725434097456e+01      4.641100203412648062e-01
	-3.321886075491129020e+00      1.869905609372953248e-01
	2.901563049992553545e+01      5.237636273805204024e-01
	2.669580166719739367e+01      9.095100824145779805e-02
	2.667119099244396807e+01      4.985325113192197732e-01
	4.009977685647591272e+00      5.198848069271344574e-01
	-1.684055978898833317e+01      4.673257905669165879e-01
	-1.363595854050777234e+01      3.056485809942548482e-01
	2.609141712984045824e+01      4.771471447266697474e-01
	3.789963305619387768e+00      5.071130563102972388e-01
	-7.034631731838956625e+00      3.282642964979286537e-01
	2.504852942011918060e+01      4.970886786333741370e-01
	-1.313138289057756936e+01      3.205468440317075229e-01
	-1.600510532789220974e+01      6.895017120788691223e-01
	-1.351917449833911533e+01      3.538321347735113864e-01
	-2.953933237405836820e+01      3.674736756605144761e-01
	-1.437186299472602968e+01      3.291297162153795641e-01
	-2.326690541503709397e+01      5.740405700666022515e-01
	-2.813341123584929804e+01      1.598657614311953523e-01
	1.867133004726877488e+01      6.553818852173018961e-01
	-2.274873386086257909e+01      5.550668029710573714e-01
	-2.769339627808526672e+01      1.018723191792972327e-01
	2.281044993407917332e+00      2.814717404004022372e-01
	-1.731013082464419739e+01      4.292391560514547955e-01
	9.826104252039790765e+00      7.930134254680485384e-01
	-2.963516310505696083e+00      3.711221705690078698e-01
	7.903272292685471712e+00      8.700258103224953743e-01
	8.444274376587578956e+00      5.212342497943408537e-01
	2.988628250497342265e+00      7.567871348141408383e-02
	2.043844644494708263e+01      6.558924838111503952e-01
	-4.588289004848114416e+00      3.778814531163203760e-01
	1.489784544291644863e+01      3.317429858015287225e-01
	-1.821382435300035496e+01      4.905660837483504788e-01
	1.093281549193548585e+01      5.634728592477850073e-02
	1.341808379299374110e+01      7.354599180924847879e-01
	7.868626402454900415e+00      4.006614243508432871e-01
	2.141668919421476147e+01      1.524733109607648296e-01
	-3.314619708142970467e+00      7.340727383364256120e-01
	1.480379305739393914e+01      6.014752208745453022e-01
	-1.163866707488821817e+00      5.585769200853333283e-01
	1.889712723423231466e+01      3.656272662342277546e-01
	-2.801239586874079279e+01      5.835090765292380022e-01
	2.847445698727656094e+01      3.188438436347359461e-01
	-7.065338659428157086e+00      3.695807726457138731e-01
	-4.471099816574692909e+00      6.309532979476436543e-01
	-2.348571867183284212e+01      6.757216585634293615e-01
	-2.066140995308057882e+01      3.189762770057312791e-01
	2.785630253796133360e+01      7.364655850054796504e-01
	-2.216589396278937585e+01      1.556801141335305005e-01
	-1.595093521367946110e+01      4.716786379742465285e-01
	1.721862890016959113e+01      6.793624819541778104e-01
	-1.765401360922773222e+01      2.175945377460064556e-01
	1.045701036001692330e+01      7.232273760664760243e-01
	3.076172202921902965e-01      4.918006614033463841e-01
	-1.082342721390120843e+01      9.982992063684423822e-01
	-2.878642682674936282e+00      7.109916620673951693e-01
	5.147729378399077405e-01      3.403605323806982441e-01
	-2.505499980038360874e+01      2.258021847558827622e-01
	1.985422273326129528e-01      3.371934039956819285e-01
	2.167524880260344133e+01      5.620340700067912865e-01
	7.867819561429683972e+00      8.216807758769870684e-01
	-1.472070096463736633e+01      4.262560297353434891e-01
	2.095325236344519482e+01      4.080522652435329967e-01
	-4.341279099025886268e+00      3.774073219708651838e-01
	-2.799101723039284906e+01      5.456969606750383672e-01
	-5.845120006886350694e+00      5.169155630957021907e-01
	-2.571497506604238126e+01      8.813465980249137743e-01
	-1.817947216101833163e+01      4.027705726304087741e-01
	-4.027667813117602691e+00      7.996397262716870014e-02
	-1.397151530957083310e+01      6.901623812362456256e-01
	-1.642212667413573257e+01      5.982585899868924084e-01
	-2.630931530806573093e+01      3.436586017214412481e-01
	-2.536080573155581419e+01      8.440074576122285066e-01
	-1.782035189450704138e+01      6.106330157508765843e-01
	-5.786878804211344374e+00      7.686819854601452118e-01
	-2.544177600955030272e+01      3.094723186988033170e-01
	1.091347721597011144e+01      5.033254290628675909e-01
	-2.896952582683352162e+01      7.633907583174868172e-01
	7.594878732051483894e+00      4.599985045002597528e-01
	-1.604297152112865632e+01      7.006708286640466188e-01
	-2.095024659682561108e+01      3.811837532502383441e-01
	2.842299704211814770e+01      4.719917772064782802e-01
	1.080386307374872246e+01      6.945733237797169224e-01
	2.407351902799354804e+01      6.055653083213164978e-01
	-1.175776637137459701e+01      9.007453029904218811e-01
	2.526841422758813849e+00      6.337797799103399576e-01
	1.060084727192854359e+01      3.575725180612659981e-01
	-2.913196227292360518e+01      7.412929032905227755e-01
	-1.240329860000665363e+01      6.853360770048366746e-01
	-1.164390128922751444e+01      3.384819090183785462e-01
	2.946111441550425525e+01      1.298252727028469389e-01
	-2.394573565835803919e+01      4.156253442860353697e-01
	-4.485191983720248743e+00      7.540408348090643642e-01
	2.543915465118963937e+01      9.146502618774694504e-01
	1.906346814107673993e+01      6.371329431571650659e-01
	8.082876977329775059e+00      3.384965622464968238e-01
	-2.823215272707489731e+00      5.483536212238832031e-01
	6.766389629474765854e+00      5.299817024713299185e-01
	-2.852221207799174607e+01      3.977249216588181757e-01
	-5.857950937166783945e+00      3.877615340375568653e-01
	2.189063845751064008e+01      2.273736578069761594e-01
	1.527650316460231750e+01      5.049342034175586802e-01
	2.766393808354189332e+01      2.597266938689816174e-01
	2.458001374461234434e+01      5.494240944517192471e-01
	-1.182979258156580826e+01      3.457179664317372447e-01
	1.282684396600176058e+01      6.303199790591498264e-01
	-1.291767783225410327e+01      8.670103052349014128e-01
	-6.628649443922927986e+00      4.526867649490607937e-01
	-2.254151228011590291e+01      6.230885838309124791e-02
	-8.204116553322162275e+00      4.961179187936166080e-01
	-4.179814074276670510e+00      1.476143552886726162e-01
	-8.748904039427859658e+00      3.073143397092754636e-01
	-1.849396263255732720e+01      2.351430151956984682e-02
	-1.992653798053048320e+01      7.256180815944661688e-01
	-8.175256454373243997e+00      5.025088319080509569e-01
	1.551482341169151624e+01      5.130357079773242290e-01
	2.889619946878565315e+01      4.326284733819277806e-01
	7.493574350165488340e-01      2.384693894896136035e-01
	-2.027886179701753377e+01      5.590302897798460346e-01
	2.600789940246416876e+01      5.507880433079731519e-01
	-2.711267854525910082e+01      6.820975920693980177e-01
	-1.243860169637945745e+01      6.769930693953654099e-01
	4.864104369370764402e+00      2.349889444332110555e-01
	-3.931243652347525597e+00      7.258403672116450212e-01
	1.249872016447973522e+01      6.165083445560859410e-01
	-9.823593129567964155e+00      2.990789093956121025e-01
	-2.416266920383384331e+01      5.489161133315981767e-01
	2.766728290307636939e+01      6.774973308711802478e-01
	9.886730354399695386e+00      -2.455000666583661562e-01
	-8.736637077994121370e+00      5.022003976874563902e-01
	-6.709373420509507469e+00      3.327462095937383513e-01
	9.620555152290997114e+00      7.181471015681972769e-01
	-4.707331801070395727e-01      7.107292972359160466e-01
	-2.228214564744797244e+01      8.513553724510986020e-01
	-1.295448310286287352e+01      5.832224906404136489e-01
	-2.104117808705709081e+01      8.638787818991072731e-01
	-5.316098742407032063e+00      4.903531540000805600e-01
	-2.968258169880986230e+00      9.061177882562188035e-01
	1.622979414031240708e+01      5.221095968239947149e-01
	-1.419109570697882461e+01      4.296660991237341021e-01
	-2.524019424598451522e+01      5.129516017665897154e-01
	2.727832668839204189e+01      6.229038018939782040e-01
	1.904022024346107145e+01      5.424236475334671681e-01
	-2.971443557356774079e+01      4.747359297042414994e-01
	-2.145883278095699609e+01      5.920703738093315849e-01
	-8.541186404937125332e+00      4.341779415607415760e-01
	2.677393438900026013e+01      5.698529302725673373e-01
	1.982532906454578381e+01      9.721506219153445150e-01
	-4.671777412563081100e+00      8.258511165872629567e-01
	-2.418428903526972107e+01      4.934973532769564297e-01
	-2.969011936275165198e+01      4.509757107578349355e-01
	2.524824016841029106e+01      2.401093326142854090e-01
	-1.774434796726943020e+01      2.866188736193505671e-01
	2.009456763760312725e+01      4.141251091960652664e-01
	-2.492555100218458364e+01      4.475211315066530693e-01
	-1.166238246646522470e+01      5.631282669607688973e-01
	8.308957035691832971e-01      5.360659881586463671e-01
	1.887086511268850586e+01      5.611462401944184997e-01
	1.130841146079793447e+01      3.411720185034404218e-01
	1.307264145042771020e+01      5.947201115968865359e-01
	1.905446532972926832e+01      5.835363680672497333e-01
	8.482889935436240592e+00      5.332409295506713720e-01
	1.409093969897443799e+01      2.232924687020786947e-01
	1.477070359932297805e+01      2.760861471654667554e-01
	-2.533594148544607805e+01      5.182609446407643317e-01
	1.878378319942882513e+01      6.824343278126518975e-01
	-1.047111977890772394e+01      3.642470056439270909e-01
	-7.261659841448519614e+00      4.000225489749112406e-01
	7.788574355646510128e+00      7.548084432762006690e-01
	-1.610080399299611287e+01      6.140421259334523096e-01
	5.584074800740332023e+00      1.710670716160984650e-01
	-1.631631124793099019e+00      6.392012481962225934e-01
	-7.404194425535933988e+00      7.345884293730416958e-01
	-2.999497749792141832e+01      7.423436653135031538e-01
	2.986922458906565936e+01      5.492116001147794302e-01
	6.215188427958530326e+00      3.728689699427644166e-01
	2.378923958130531702e+01      6.756838854846334286e-01
	-2.653131269960839589e+01      4.187362305255402095e-01
	-4.776400695474308122e+00      3.735330332449454671e-01
	6.288811145134737046e+00      3.419502124130507914e-01
	2.566045468035264321e+01      3.015639831122571834e-01
	2.354284826759330684e+01      7.418053864411660037e-01
	6.357353236907371752e+00      7.609492216610223014e-01
	6.121761516536125214e+00      5.324107941735483074e-01
	7.136452224237523012e+00      4.491417115377751568e-01
	-2.997360156880088411e+01      3.912782919360156542e-01
	-1.238640414148523305e+01      7.019517200960077030e-01
	3.062979909293034098e+00      7.523660465829926647e-01
	-2.368463573495691321e+01      4.779116861953319750e-01
	1.243044986669784890e+01      4.003601405765212506e-01
	-1.297171104670873021e+01      5.498408479110655778e-01
	-1.385695711526493668e+01      4.691984216261859131e-01
	-6.979733463339982791e+00      5.091487504378624518e-01
	-8.463565270188844636e+00      2.302790562284214304e-01
	2.979133525743794308e+01      8.505719517122218853e-01
	2.029136315511664179e+00      5.857350342971812118e-01
	-2.749509773385208788e+01      5.091114360433887098e-01
	2.271265599283864844e-01      1.090525312909448041e-01
	-1.976884734994587944e+01      3.468098009976419149e-01
	1.405982372895638122e+01      6.056702981535859731e-01
	2.319397073650647911e+01      3.662514949207502646e-01
	2.397885857857398406e+01      4.168309248094273500e-01
	-4.456629493618461169e+00      2.744826807191789175e-01
	-8.667466895206288768e+00      2.604970435072483381e-01
	-2.844345911336176158e+01      4.914645711929772620e-01
	-2.285818946992584344e+01      6.270250231537919383e-01
	2.021081164562865240e+00      1.041738267393188533e-01
	-2.611798208724753323e+01      6.966557804791518871e-01
	1.060136994022363410e+01      3.467288900249412276e-01
	2.704463043833094105e+00      5.296840712529118367e-01
	-9.514969003942375991e+00      6.691994724555626606e-01
	-1.487015776361182162e+01      5.949399726417676781e-01
	-2.939054464469680283e+01      4.445433343251331548e-01
	-1.447244295265005043e+01      5.862047861740049548e-01
	1.968652668828260488e+01      3.941746255299286572e-01
	2.242316972604143643e+00      8.927657806638571447e-01
	2.568489396944348613e+01      4.154288280463883654e-01
	-4.912262273168447990e+00      9.737307414488408641e-01
	-4.389003480570220717e+00      7.773222960138486126e-01